<?xml version="1.0"?>
<opencv_storage>
<points1>
	369	162
	370	162
	371	162
	372	162
	373	162
	374	162
	375	162
	376	162
	377	162
	378	162
	379	162
	380	162
	381	162
	382	162
	383	162
	384	162
	365	163
	366	163
	367	163
	368	163
	384	163
	385	163
	386	163
	387	163
	388	163
	363	164
	364	164
	388	164
	389	164
	390	164
	361	165
	362	165
	390	165
	391	165
	392	165
	359	166
	360	166
	393	166
	394	166
	357	167
	358	167
	395	167
	396	167
	356	168
	357	168
	396	168
	397	168
	354	169
	355	169
	397	169
	398	169
	399	169
	353	170
	354	170
	399	170
	400	170
	352	171
	353	171
	400	171
	401	171
	351	172
	352	172
	401	172
	402	172
	350	173
	351	173
	402	173
	403	173
	349	174
	350	174
	404	174
	349	175
	405	175
	406	175
	348	176
	349	176
	406	176
	407	176
	347	177
	348	177
	407	177
	347	178
	346	179
	347	179
	346	180
	345	181
	345	182
	344	183
	345	183
	344	184
	344	185
	412	185
	344	186
	412	186
	343	187
	412	187
	343	188
	412	188
	343	189
	412	189
	343	190
	412	190
	343	191
	412	191
	343	192
	412	192
	343	193
	412	193
	343	194
	412	194
	343	195
	412	195
	343	196
	412	196
	343	197
	412	197
	343	198
	412	198
	343	199
	412	199
	343	200
	412	200
	344	201
	412	201
	344	202
	411	202
	344	203
	411	203
	344	204
	345	204
	411	204
	345	205
	410	205
	411	205
	345	206
	346	206
	410	206
	346	207
	410	207
	346	208
	347	208
	409	208
	347	209
	409	209
	347	210
	348	210
	408	210
	409	210
	348	211
	408	211
	348	212
	349	212
	407	212
	408	212
	349	213
	350	213
	407	213
	350	214
	351	214
	406	214
	351	215
	352	215
	405	215
	406	215
	352	216
	353	216
	404	216
	405	216
	353	217
	354	217
	403	217
	404	217
	354	218
	355	218
	402	218
	403	218
	355	219
	356	219
	401	219
	402	219
	356	220
	357	220
	358	220
	400	220
	401	220
	358	221
	359	221
	398	221
	399	221
	359	222
	360	222
	361	222
	396	222
	397	222
	398	222
	361	223
	362	223
	395	223
	396	223
	362	224
	363	224
	364	224
	393	224
	394	224
	365	225
	366	225
	390	225
	391	225
	392	225
	367	226
	368	226
	369	226
	370	226
	387	226
	388	226
	389	226
	390	226
	370	227
	371	227
	372	227
	373	227
	374	227
	375	227
	376	227
	377	227
	378	227
	379	227
	380	227
	381	227
	382	227
	383	227
	384	227
	385	227
	386	227</points1>
<points2>
	190	579
	191	579
	192	579
	193	579
	194	579
	195	579
	196	579
	197	579
	198	579
	199	579
	200	579
	201	579
	202	579
	203	579
	204	579
	187	580
	188	580
	189	580
	204	580
	205	580
	206	580
	207	580
	184	581
	185	581
	186	581
	208	581
	209	581
	210	581
	182	582
	183	582
	184	582
	210	582
	211	582
	212	582
	179	583
	180	583
	181	583
	212	583
	213	583
	214	583
	178	584
	179	584
	214	584
	215	584
	216	584
	176	585
	177	585
	216	585
	217	585
	174	586
	175	586
	176	586
	217	586
	218	586
	173	587
	174	587
	218	587
	219	587
	172	588
	173	588
	219	588
	220	588
	221	588
	171	589
	172	589
	221	589
	222	589
	170	590
	171	590
	222	590
	223	590
	169	591
	170	591
	223	591
	224	591
	168	592
	169	592
	224	592
	225	592
	167	593
	168	593
	225	593
	226	593
	167	594
	226	594
	166	595
	167	595
	227	595
	165	596
	166	596
	227	596
	228	596
	165	597
	228	597
	164	598
	165	598
	228	598
	229	598
	164	599
	229	599
	230	599
	164	600
	230	600
	163	601
	230	601
	231	601
	163	602
	231	602
	162	603
	163	603
	231	603
	162	604
	231	604
	232	604
	162	605
	232	605
	161	606
	162	606
	232	606
	161	607
	232	607
	161	608
	233	608
	161	609
	233	609
	161	610
	233	610
	161	611
	233	611
	161	612
	233	612
	234	612
	160	613
	234	613
	160	614
	234	614
	160	615
	234	615
	161	616
	234	616
	161	617
	234	617
	161	618
	234	618
	161	619
	234	619
	161	620
	233	620
	161	621
	233	621
	162	622
	233	622
	162	623
	233	623
	162	624
	233	624
	163	625
	232	625
	233	625
	163	626
	232	626
	163	627
	232	627
	163	628
	164	628
	232	628
	164	629
	231	629
	164	630
	165	630
	231	630
	165	631
	230	631
	231	631
	165	632
	166	632
	230	632
	166	633
	229	633
	230	633
	167	634
	228	634
	229	634
	167	635
	168	635
	227	635
	228	635
	168	636
	169	636
	226	636
	227	636
	169	637
	170	637
	225	637
	226	637
	170	638
	225	638
	170	639
	171	639
	224	639
	225	639
	171	640
	172	640
	223	640
	224	640
	172	641
	173	641
	223	641
	173	642
	174	642
	175	642
	221	642
	222	642
	175	643
	176	643
	220	643
	221	643
	176	644
	177	644
	219	644
	220	644
	177	645
	178	645
	179	645
	217	645
	218	645
	219	645
	179	646
	180	646
	181	646
	216	646
	217	646
	181	647
	182	647
	183	647
	214	647
	215	647
	183	648
	184	648
	185	648
	212	648
	213	648
	186	649
	187	649
	188	649
	208	649
	209	649
	210	649
	211	649
	224	408
	225	408
	226	408
	227	408
	228	408
	229	408
	230	408
	231	408
	232	408
	233	408
	220	409
	221	409
	222	409
	223	409
	224	409
	234	409
	235	409
	236	409
	237	409
	238	409
	217	410
	218	410
	219	410
	239	410
	240	410
	241	410
	242	410
	215	411
	216	411
	242	411
	243	411
	244	411
	213	412
	214	412
	245	412
	246	412
	211	413
	212	413
	247	413
	248	413
	209	414
	210	414
	248	414
	249	414
	250	414
	208	415
	209	415
	250	415
	251	415
	206	416
	207	416
	208	416
	251	416
	252	416
	253	416
	205	417
	206	417
	253	417
	254	417
	204	418
	205	418
	254	418
	255	418
	203	419
	204	419
	255	419
	256	419
	202	420
	203	420
	256	420
	257	420
	201	421
	202	421
	257	421
	258	421
	200	422
	201	422
	258	422
	259	422
	200	423
	259	423
	199	424
	260	424
	198	425
	199	425
	260	425
	261	425
	198	426
	261	426
	197	427
	198	427
	262	427
	197	428
	262	428
	263	428
	196	429
	263	429
	195	430
	196	430
	263	430
	264	430
	195	431
	264	431
	195	432
	264	432
	195	433
	265	433
	194	434
	265	434
	194	435
	265	435
	266	435
	194	436
	266	436
	194	437
	266	437
	193	438
	266	438
	193	439
	266	439
	193	440
	267	440
	193	441
	267	441
	193	442
	267	442
	193	443
	267	443
	193	444
	267	444
	193	445
	267	445
	193	446
	267	446
	193	447
	267	447
	193	448
	267	448
	193	449
	267	449
	193	450
	267	450
	193	451
	267	451
	193	452
	267	452
	193	453
	267	453
	194	454
	267	454
	194	455
	267	455
	194	456
	267	456
	195	457
	266	457
	195	458
	266	458
	195	459
	196	459
	266	459
	196	460
	265	460
	196	461
	265	461
	197	462
	264	462
	265	462
	197	463
	264	463
	197	464
	198	464
	263	464
	264	464
	198	465
	263	465
	198	466
	199	466
	262	466
	263	466
	199	467
	200	467
	262	467
	200	468
	261	468
	201	469
	260	469
	261	469
	201	470
	202	470
	259	470
	260	470
	202	471
	203	471
	258	471
	259	471
	203	472
	204	472
	257	472
	258	472
	204	473
	205	473
	256	473
	257	473
	205	474
	206	474
	207	474
	255	474
	256	474
	207	475
	208	475
	253	475
	254	475
	255	475
	208	476
	209	476
	252	476
	253	476
	209	477
	210	477
	251	477
	252	477
	211	478
	212	478
	249	478
	250	478
	212	479
	213	479
	214	479
	247	479
	248	479
	249	479
	215	480
	216	480
	246	480
	247	480
	217	481
	218	481
	243	481
	244	481
	245	481
	219	482
	220	482
	221	482
	222	482
	239	482
	240	482
	241	482
	242	482
	243	482
	223	483
	224	483
	225	483
	226	483
	227	483
	228	483
	229	483
	230	483
	231	483
	232	483
	233	483
	234	483
	235	483
	236	483
	237	483
	238	483</points2>
</opencv_storage>
